0
0,339486753
1,48878718
3,604250359
6,68534378
10,65634111
15,40862393
20,82241876
26,77780319
33,16011907
39,86247697
46,78675417
53,8438188
60,95336219
68,04353925
75,05052071
81,91801118
88,596761
95,04408605
101,2234028
107,1037817
112,6595207
117,8697391
122,7179912
127,1919007
131,2828136
134,9854698
138,2975657
141,2192789
143,7529186
145,90265
147,6742633
149,0749991
150,11338
150,798997
151,1422901
151,154339
150,8466728
150,2311019
149,3195706
148,1240327
146,6563455
144,9281821
142,9509605
140,7357871
138,2934126
135,6342009
132,7681064
129,7046618
126,4529723
123,0217174
119,4191578
115,6531471
111,7311478
107,66025
103,4471932
99,09838972
94,61992259
90,01756079
85,29683596
80,46314037
75,52182636
70,47829792
65,33809026
60,10693604
54,79081836
49,39601127
43,92910872
38,39704314
32,8070948
27,16689297
21,48440997
15,76794902
10,02612683
4,267851634
-1,497702418
-7,261124052
-13,01279606
-18,74292843
-24,44159287
-30,09875836
-35,70432722
-41,24817142
-46,72016883
-52,11023909
-57,40837884
-62,60469623
-67,68944438
-72,6530537
-77,48616303
-82,17964933
-86,72465599
-91,11261963
-95,33529534
-99,38478033
-103,253536
-106,9344086
-110,4206478
-113,7059243
-116,7843455
-119,6504698
-122,2993193
-124,7265189
-126,9284886
-128,9025254
-130,6468265
-132,1604814
-133,4434485
-134,4965222
-135,3212966
-135,9201255
-136,2960825
-136,4529194
-136,3950256
-136,1273872
-135,655546
-134,9855592
-134,1239603
-133,0777195
-131,8542051
-130,4611463
-128,9065953
-127,1988918
-125,3466268
-123,3586084
-121,2438273
-119,0114243
-116,6705303
-114,2300522
-111,6985694
-109,0842883
-106,3950271
-103,6382434
-100,8210542
-97,95019873
-95,03198286
-92,07222239
-89,07619453
-86,04860061
-82,99354105
-79,91450223
-76,81435418
-73,69535817
-70,55918254
-67,40692594
-64,23914651
-61,05589606
-57,85675821
-54,64088966
-51,40706364
-48,153715
-44,8789861
-41,58077308
-38,25677196
-34,90452407
-31,52146051
-28,10494527
-24,65228962
-21,16078118
-17,62777167
-14,05078356
-10,42761616
-6,7564417
-3,035887634
0,734896055
4,556184262
8,427638045
12,34827863
16,31647289
20,32992897
24,38570102
28,48020172
32,60922166
36,76795452
40,95102729
45,15253456
49,36607617
53,58479767
57,8014328
62,00834757
66,19758534
70,36091258
74,48986479
78,57579231
82,60990571
86,5833204
90,48710039
94,31230081
98,05000922
101,6913853
105,2276993
108,6503682
111,9509909
115,121381
118,153598
121,0399766
123,7731544
126,3460972
128,7521225
130,9849222
133,038582
134,9076003
136,5870317
138,0726858
139,3612123
140,4501299
141,3378223
142,0235185
142,5072646
142,7898899
142,8729711
142,7587951
142,4503208
141,9511406
141,2654421
140,3979699
139,353987
138,1392377
136,7599098
135,2225981
133,5342676
131,7022183
129,7340496
127,6376263
125,4210443
123,0925981
120,6607477
118,1339604
115,5204963
112,8283059
110,0649847
107,2377579
104,353509
101,4187992
98,43983057
95,42239039
92,37179451
89,29283864
86,18976091
83,06621666
79,92526509
76,76936671
73,60039058
70,4196299
67,22782486
64,02519149
60,8114554
57,58588963
54,34735542
51,09434528
47,82502765
44,53729237
41,2287965
37,89700995
34,53926055
31,15277795
27,7347364
24,28226868
20,79249468
17,26260877
13,68998602
10,07228787
6,407557774
2,694303119
-1,068437863
-4,881043895
-8,743272322
-12,65423348
-16,61237653
-20,61548545
-24,66068408
-28,74444899
-32,86262917
-37,01047156
-41,18265148
-45,37330726
-49,5760782
-53,78414522
-57,99027362
-62,18685743
-66,36596469
-70,51938346
-74,63866793
-78,71518444
-82,74015707
-86,70471243
-90,59992361
-94,41685285
-98,14659298
-101,7803074
-105,3092683
-108,7248936
-112,0187816
-115,1827442
-118,2088383
-121,0893951
-123,8170477
-126,3847566
-128,7858338
-131,0139647
-133,0632283
-134,9281155
-136,6036737
-138,0857043
-139,3708492
-140,4566187
-141,3413879
-142,0243776
-142,5056251
-142,7859512
-142,8669242
-142,7508225
-142,4405963
-141,93983
-141,2527029
-140,3839515
-139,3388309
-138,1230777
-136,7428723
-135,2048019
-133,5158246
-131,6832333
-129,7146209
-127,6178456
-125,4009971
-123,0723637
-120,6404
-118,1135674
-115,5001209
-112,8080058
-110,0448127
-107,2177623
-104,3337337
-101,3992838
-98,42061074
-95,40349805
-92,35325803
-89,274683
-86,17200794
-83,04888523
-79,90837126
-76,75292394
-73,58440988
-70,40412
-67,21279239
-64,01064107
-60,79738987
-57,57231013
-54,33426154
-51,08173521
-47,81289827
-44,52563937
-41,2176145
-37,88629262
-34,52900067
-31,14296754
-27,72536679
-24,27333059
-20,78397831
-17,25450387
-13,68228195
-10,06497367
-6,400622231
-2,687734814
1,074650501
4,88691254
8,748808709
12,65944936
16,61728364
20,62009546
24,6650086
28,74849949
32,86641701
37,0140079
41,18594733
45,37637343
49,57892526
53,78678351
57,99271326
62,18910826
66,3680363
70,52128517
74,64040877
78,71677318
82,74160218
86,7060221
90,60110574
94,41791505
98,14754259
101,7811514
105,3100136
108,7255466
112,0193484
115,1832309
118,2092505
121,0897382
123,8173268
126,3849766
128,7859995
131,0140804
133,0632982
134,9281436
136,6036638
138,0856598
139,3707736
140,4565149
141,3412591
142,0242264
142,5054542
142,785763
142,8667209
142,7506062
142,4403691
141,9395937
141,2524591
140,3837017
139,3385767
138,1228204
136,7426131
135,2045419
133,5155648
131,6829746
129,7143641
127,6175915
125,4007464
123,072117
120,6401578
118,1133301
115,499889
112,8077797
110,0445926
107,2175485
104,3335264
101,3990831
98,42041681
95,40331099
92,35307788
89,2745098
86,17184169
83,0487259
79,90821881
76,7527783
73,58427096
70,40398771
67,21266661
64,01052167
60,79727671
57,57220307
54,33416042
51,08163986
47,81280852
44,52555504
41,21753543
37,88621862
34,52893155
31,14290313
27,7253069
24,27327503
20,78392691
17,25445643
13,68223831
10,06493365
6,400585653
2,68770151
-1,074680698
-4,886939794
-8,748833177
-12,6594712
-16,61730299
-20,62011249
-24,66502343
-28,74851227
-32,86642786
-37,01401695
-41,18595471
-45,37637924
-49,57892962
-53,78678654
-57,99271505
-62,18910891
-66,36803591
-70,52128382
-74,64040655
-78,71677017
-82,74159845
-86,70601774
-90,6011008
-94,4179096
-98,14753669
-101,7811451
-105,3100069
-108,7255396
-112,0193413
-115,1832235
-118,209243
-121,0897305
-123,8173191
-126,3849688
-128,7859916
-131,0140726
-133,0632904
-134,9281359
-136,6036561
-138,0856522
-139,3707661
-140,4565075
-141,3412518
-142,0242193
-142,5054472
-142,7857562
-142,8667143
-142,7505998
-142,4403629
-141,9395876
-141,2524532
-140,3836961
-139,3385712
-138,1228151
-136,742608
-135,204537
-133,51556
-131,6829701
-129,7143598
-127,6175873
-125,4007424
-123,0721132
-120,6401542
-118,1133267
-115,4998857
-112,8077766
-110,0445897
-107,2175457
-104,3335237
-101,3990806
-98,42041447
-95,40330878
-92,35307581
-89,27450785
-86,17183987
-83,0487242
-79,90821722
-76,75277682
-73,58426959
-70,40398644
-67,21266543
-64,01052058
-60,79727571
-57,57220215
-54,33415957
-51,08163909
-47,81280782
-44,52555441
-41,21753485
-37,8862181
-34,52893109
-31,14290272
-27,72530654
-24,27327471
-20,78392663
-17,2544562
-13,68223811
-10,06493348
-6,400585522
-2,687701408
1,074680773
4,886939843
8,748833204
12,65947121
16,61730298
20,62011246
24,66502338
28,74851221
32,86642778
37,01401687
41,18595461
45,37637914
49,57892951
53,78678642
57,99271492
62,18910878
66,36803578
70,52128368
74,64040641
78,71677003
82,74159831
86,7060176
90,60110066
94,41790946
98,14753655
101,781145
105,3100068
108,7255395
112,0193411
115,1832234
118,2092428
121,0897304
123,8173189
126,3849687
128,7859915
131,0140725
133,0632903
134,9281357
136,603656
138,0856521
139,370766
140,4565075
141,3412517
142,0242192
142,5054472
142,7857561
142,8667143
142,7505997
142,4403628
141,9395875
141,2524532
140,383696
139,3385712
138,1228151
136,7426079
135,2045369
133,51556
131,68297
129,7143598
127,6175873
125,4007424
123,0721132
120,6401541
118,1133267
115,4998857
112,8077765
110,0445896
107,2175457
104,3335237
101,3990806
98,42041446
95,40330877
92,3530758
89,27450785
86,17183986
83,0487242
79,90821722
76,75277682
73,58426958
70,40398644
67,21266542
64,01052058
60,79727571
57,57220215
54,33415957
51,08163909
47,81280782
44,52555441
41,21753485
37,88621811
34,52893109
31,14290272
27,72530654
24,27327472
20,78392664
17,2544562
13,68223812
10,06493349
6,400585526
2,687701412
-1,074680769
-4,88693984
-8,748833201
-12,6594712
-16,61730298
-20,62011245
-24,66502338
-28,7485122
-32,86642778
-37,01401687
-41,18595461
-45,37637914
-49,57892951
-53,78678642
-57,99271492
-62,18910878
-66,36803577
-70,52128368
-74,64040641
-78,71677003
-82,74159831
-86,70601759
-90,60110066
-94,41790946
-98,14753655
-101,781145
-105,3100068
-108,7255395
-112,0193411
-115,1832234
-118,2092428
-121,0897304
-123,8173189
-126,3849687
-128,7859915
-131,0140725
-133,0632903
-134,9281357
-136,603656
-138,0856521
-139,370766
-140,4565075
-141,3412517
-142,0242192
-142,5054472
-142,7857561
-142,8667143
-142,7505997
-142,4403628
-141,9395875
-141,2524532
-140,383696
-139,3385712
-138,1228151
-136,7426079
-135,2045369
-133,51556
-131,68297
-129,7143598
-127,6175873
-125,4007424
-123,0721132
-120,6401541
-118,1133267
-115,4998857
-112,8077765
-110,0445896
-107,2175457
-104,3335237
-101,3990806
-98,42041446
-95,40330877
-92,3530758
-89,27450785
-86,17183986
-83,0487242
-79,90821722
-76,75277682
-73,58426958
-70,40398644
-67,21266542
-64,01052058
-60,79727571
-57,57220215
-54,33415957
-51,08163909
-47,81280782
-44,52555441
-41,21753485
-37,88621811
-34,52893109
-31,14290272
-27,72530654
-24,27327472
-20,78392664
-17,2544562
-13,68223812
-10,06493349
-6,400585526
-2,687701412
1,074680769
4,88693984
8,748833201
12,6594712
16,61730298
20,62011245
24,66502338
28,7485122
32,86642778
37,01401687
41,18595461
45,37637914
49,57892951
53,78678642
57,99271492
62,18910878
66,36803577
70,52128368
74,64040641
78,71677003
82,74159831
86,70601759
90,60110066
94,41790946
98,14753655
101,781145
105,3100068
108,7255395
112,0193411
115,1832234
118,2092428
121,0897304
123,8173189
126,3849687
128,7859915
131,0140725
133,0632903
134,9281357
136,603656
138,0856521
139,370766
140,4565075
141,3412517
142,0242192
142,5054472
142,7857561
142,8667143
142,7505997
142,4403628
141,9395875
141,2524532
140,383696
139,3385712
138,1228151
136,7426079
135,2045369
133,51556
131,68297
129,7143598
127,6175873
125,4007424
123,0721132
120,6401541
118,1133267
115,4998857
112,8077765
110,0445896
107,2175457
104,3335237
101,3990806
98,42041446
95,40330877
92,3530758
89,27450785
86,17183986
83,0487242
79,90821722
76,75277682
73,58426958
70,40398644
67,21266542
64,01052058
60,79727571
57,57220215
54,33415957
51,08163909
47,81280782
44,52555441
41,21753485
37,88621811
34,52893109
31,14290272
27,72530654
24,27327472
20,78392664
17,2544562
13,68223812
10,06493349
6,400585526
2,687701412
-1,074680769
-4,88693984
-8,748833201
-12,6594712
-16,61730298
-20,62011245
-24,66502338
-28,7485122
-32,86642778
-37,01401687
-41,18595461
-45,37637914
-49,57892951
-53,78678642
-57,99271492
-62,18910878
-66,36803577
-70,52128368
-74,64040641
-78,71677003
-82,74159831
-86,70601759
-90,60110066
-94,41790946
-98,14753655
-101,781145
-105,3100068
-108,7255395
-112,0193411
-115,1832234
-118,2092428
-121,0897304
-123,8173189
-126,3849687
-128,7859915
-131,0140725
-133,0632903
-134,9281357
-136,603656
-138,0856521
-139,370766
-140,4565075
-141,3412517
-142,0242192
-142,5054472
-142,7857561
-142,8667143
-142,7505997
-142,4403628
-141,9395875
-141,2524532
-140,383696
-139,3385712
-138,1228151
-136,7426079
-135,2045369
-133,51556
-131,68297
-129,7143598
-127,6175873
-125,4007424
-123,0721132
-120,6401541
-118,1133267
-115,4998857
-112,8077765
-110,0445896
-107,2175457
-104,3334888
-101,3988923
-98,41988702
-95,4022969
-92,3516769
-89,27334825
-86,17243054
-83,0538697
-79,92246195
-76,7828737
-73,63965779
-70,49726636
-67,36006062
-64,23231787
-61,11823609
-58,02193634
-54,94746331
-51,89878416
-48,87978605
-45,89427238
-42,94595814
-40,03846434
-37,17531193
-34,35991515
-31,59557458
-28,88546994
-26,23265292
-23,64003985
-21,1104046
-18,64637168
-16,25040952
-13,92482423
-11,67175358
-9,493161643
-7,390833741
-5,366372052
-3,421191728
-1,556517616
0,226618408
1,927379475
3,545125132
5,079412096
6,529994366
7,896822692
9,180043398
10,37999658
11,49721367
12,53241442
13,48650324
14,360565
15,15586028
15,87382007
16,51603993
17,08427371
17,58042677
18,00654879
18,36482612
18,65757381
18,88722725
19,05633344
19,16754205
19,22359615
19,22732272
19,18162292
19,08946224
18,95386041
18,77788129
18,56462256
18,31720541
