0	0	0
-1.07608741577442	0.000732836004683001	0.219850801404900
-2.56281542615683	0.00614533654716044	0.964197758528532
-4.11880406869519	0.0221020718495525	2.33412891794181
-5.57364779744370	0.0549101407615462	4.32872783401994
-6.84691174677868	0.110593480686328	6.89838239701095
-7.90527994483708	0.194559633151062	9.97259029479097
-8.73989471630462	0.311470274476626	13.4742945609147
-9.35438168272739	0.465215915244067	17.3271160894517
-9.75852959942039	0.658942307917206	21.4588511134523
-9.96496253729596	0.895101032410544	25.8030146066822
-9.98739530633425	1.17550990882979	30.2993707335932
-9.83972636405016	1.50141584782500	34.8939470832804
-9.53557352403458	1.87355642010261	39.5387943151329
-9.08804358233157	2.29221835727569	44.1916284913974
-8.50962531473899	2.75729220647607	48.8154276313153
-7.81214734199603	3.26832288498646	53.3780192965723
-7.00676990426943	3.82455614821352	57.8516777036298
-6.10399416462374	4.42498111610953	62.2127392258282
-5.11368037714416	5.06836906392509	66.4412401065295
-4.04507033950304	5.75330870691399	70.5205775893913
-2.90681171170852	6.47823821326446	74.4371943377168
-1.70666423515825	7.24147395753176	78.1802202450730
-0.451782581719253	8.04123554096715	81.7411229927956
0.851138199901971	8.87566785046317	85.1134556631670
2.19578897115010	9.74286088528300	88.2926576492921
3.57620984836728	10.6408677574027	91.2758858215222
4.98698094739198	11.5677209591688	94.0618212303547
6.42309168043587	12.5214465591141	96.6504697704893
7.87987176439650	13.5000766570670	99.0430090571397
9.35295432955115	14.5016604515197	101.241661722628
10.8382555113959	15.5242741258580	103.249584689650
12.3319623110639	16.5660296828299	105.070768911838
13.8305244242805	17.6250828158875	106.709946671860
15.3306478074302	18.6996398844693	108.172504892542
16.8292888411442	19.7879640487937	109.464403629833
18.3236485268574	20.8883806134614	110.592099285743
19.8111664534501	21.9992816255955	111.562472267737
21.2895144282213	23.1191297710322	112.382758914541
22.7565897472051	24.2464616105234	113.060487552459
24.2105081203255	25.3798901966639	113.603418565139
25.6495962861642	26.5181071111195	114.019488365820
27.0723843593010	27.6598839606292	114.316757161186
28.4775979556007	28.8040733691327	114.503360393386
29.8641501403025	29.9496095022229	114.587463743375
31.2311332417865	31.0955081589401	114.577221575352
32.5778105712477	32.2408664647028	114.480738699185
33.9032893933775	33.3848624149671	114.306100436006
35.2067705796450	34.5267549942220	114.061418412557
36.4876612892920	35.6658843367080	113.754802436047
37.7456165521998	36.8016714242265	113.394300844600
38.9805445410400	37.9336171262021	112.987831033776
40.1925938709698	39.0613005440444	112.543110965666
41.3821325627140	40.1843766983762	112.067596755783
42.5497237022563	41.3025736322099	111.568428460847
43.6961003974250	42.4156890159217	111.052384664489
44.8221413469102	43.5235863415854	110.525845693844
45.9288476600799	44.6261907905081	109.994764936053
47.0173212102503	45.7234848516077	109.464647568626
48.0887446183893	46.8155037611112	108.940535970375
49.1443628684589	47.9023308267308	108.427001086828
50.1854665073150	48.9840926923627	107.928139057756
51.2133763588439	50.0609545926568	107.447572459940
52.2294296719448	51.1331156405809	106.988455567940
53.2349676187814	52.2008041853810	106.553483085551
54.2313240601074	53.2642732731110	106.144901848886
55.2198154966522	54.3237962371437	105.764525047725
56.2017321286141	55.3796624417587	105.413748554509
57.1783299487616	56.4321731979968	105.093568990162
58.1508237982206	57.4816378674515	104.804603192682
59.1203813176093	58.5283701664947	104.547108788464
60.0881177296862	59.5726846805985	104.321005597589
61.0550913930817	60.6148935958678	104.125897633136
62.0223000699636	61.6553036526356	103.961095481000
62.9906778536382	62.6942133239616	103.825638870987
63.9610927051100	63.7319102200927	103.718319272154
64.9343445505161	64.7686687183794	103.637702365735
65.9111638941171	65.8047478167681	103.582150267548
66.8922109041692	66.8403892077950	103.549843388746
67.8780749315249	67.8758155689739	103.538801839216
68.8692744232163	68.9112290645869	103.546906291975
69.8662571955715	69.9468100531299	103.571918239673
70.8694010335991	70.9827159940419	103.611499585848
71.8790145854587	72.0190805468203	103.663231524050
72.8953385228174	73.0560128552066	103.724632667357
73.9185469397728	74.0935970087962	103.793176399312
74.9487489648188	75.1318916741716	103.866307424897
75.9859905620241	76.1709298874826	103.941457507005
77.0302564992124	77.2107190002811	104.016060379921
78.0814724624608	78.2512407703607	104.087565836752
79.1395072976829	79.2924515893458	104.153452992496
80.2041753614379	80.3342828388120	104.211242728674
81.2752389644069	81.3766413668002	104.258509329127
82.3524108922043	82.4194100766952	104.292891319782
83.4353569893574	83.4624486205877	104.312101527992
84.5236987933802	84.5055941893991	104.313936379389
85.6170162069057	85.5486623922470	104.296284452250
86.7148501968135	86.5914482177304	104.257134311027
87.8167055102097	87.6337270700418	104.194581642097
88.9220533979808	88.6752558730481	104.106835715889
90.0303343374547	89.7157742357288	103.992225200446
91.1409607464686	90.7550056726140	103.849203352098
92.2531110627583	91.7926590151966	103.676395231476
93.3658544273743	92.8284304942699	103.472662218757
94.4782177914261	93.8620062565873	103.237128310718
95.5892224597326	94.8930650335237	102.969186314504
96.6979043704946	95.9212808135846	102.668493530451
97.8033256811086	96.9463254416626	102.334962005361
98.9045816690156	97.9678711055901	101.968746049775
100.000805071740	98.9855926905060	101.570228448574
101.091168992810	99.9991699921529	101.140006124771
102.174888972347	101.008289785870	100.678875661565
103.251224541732	102.012647751055	100.187818899562
104.319480433862	103.011950252490	99.6679887261022
105.379007542255	104.005915980802	99.1206951202756
106.429203680789	104.994277454809	98.5473914886750
107.469514173912	105.976782388757	97.9496613114017
108.499432295480	106.953194927621	97.3292051093283
109.518499568213	107.923296753715	96.6878277387639
110.526305932393	108.886888067892	96.0274260168017
111.522489790644	109.843788448665	95.3499766788120
112.506737934660	110.793837592560	94.6575246683124
113.479104051332	111.736895721998	93.9521066478945
114.439750415997	112.672842970684	93.2356621772373
115.388826463804	113.601578313442	92.5100220764537
116.326418398251	114.523018577124	91.7769314489414
117.252535079853	115.437097758124	91.0380855322748
118.167320503555	116.343766571777	90.2951248180171
119.070944009308	117.242991737365	89.5496089680908
119.963551390594	118.134755183479	88.8030228202832
120.845247302702	119.019053390432	88.0567956709089
121.716093370334	119.895896949530	87.3123243112398
122.576113798831	120.765310350723	86.5709951713370
123.425304208990	121.627331977752	85.8342034701372
124.263641484580	122.482014276178	85.1033685845439
125.091093513797	123.329424055497	84.3799455150921
125.907628280998	124.169642887159	83.6654326494471
126.713222066685	125.002767563108	82.9613761703914
127.507866670746	125.828910583289	82.2693715080553
128.291575654530	126.648200644591	81.5910622423370
129.064389637644	127.460783107696	80.9281368446100
129.826380704370	128.266820422062	80.2823236204410
130.577655982521	129.066492492729	79.6553841836373
131.318360459682	129.859996975778	79.0491057598412
132.048679100935	130.647549492095	78.4652925867393
132.768838329839	131.429383751629	77.9057566485501
133.479106931474	132.205751582549	77.3723079550934
134.179477740801	132.976923078730	76.8668096611816
134.869925565763	133.743187557018	76.3912457408899
135.550527707622	134.504854760270	75.9477118373534
136.221512969720	135.262255773762	75.5383719330942
136.883273958655	136.015743434748	75.1654027736219
137.536361032321	136.765692174076	74.8309370664324
138.181467546426	137.512497307381	74.5370107507356
138.819411448020	138.256573829795	74.2855166465431
139.451115831265	138.998354782678	74.0781652520691
140.077589785444	139.738289264250	73.9164526815721
140.699910187649	140.476840153805	73.8016353599185
141.319204736436	141.214481614401	73.7347109239265
141.936636336634	141.951696433067	73.7164047228660
142.553388849317	142.688973251479	73.7471613079957
143.170654172218	143.426803734002	73.8271403256346
143.789620592243	144.165679714398	73.9562162652721
144.411462341243	144.906090357144	74.1339815559586
145.037330282624	145.648519364517	74.3597525467585
145.668343656363	146.393442256116	74.6325779484279
146.305582811785	147.141323743495	74.9512493527682
146.950082860134	147.892615218924	75.3143134829120
147.602828182064	148.647752373983	75.7200858620152
148.264747728363	149.407152960759	76.1666656194794
148.936711055467	150.171214705726	76.6519511830212
149.619525040459	150.940313384036	77.1736566317627
150.313931223327	151.714801059794	77.7293285101883
151.020603727181	152.495004496030	78.3163629254401
151.740147709968	153.281223736404	78.9320227711439
152.473098303918	154.073730859196	79.5734549399105
153.219920001552	154.872768902853	80.2377074039619
153.981006449533	155.678550961246	80.9217460591189
154.756680613996	156.491259445794	81.6224712417524
155.547195283253	157.311045510804	82.3367338413694
156.352733875865	158.138028637629	83.0613509433546
157.173411524137	158.972296372677	83.7931209471250
158.009276405007	159.813904213784	84.5288381146606
158.860311292129	160.662875639073	85.2653065131205
159.726435304706	161.519202272085	85.9993533231282
160.607505830269	162.382844176730	86.7278414913706
161.503320600165	163.253730275422	87.4476817124715
162.413619898018	164.131758883637	88.1558437307337
163.338088882811	165.016798354065	88.8493669573453
164.276360009585	165.908687823514	89.5253704030701
165.228015531999	166.807238055731	90.1810619303426
166.192590072198	167.712232373369	90.8137468320936
167.169573244529	168.623427672419	91.4208357476103
168.158412320757	169.540555512538	91.9998519282933
169.158514925366	170.463323276849	92.5484378683765
170.169251750528	171.391415394936	93.0643613175377
171.189959281171	172.324494622957	93.5455206938857
172.219942521434	173.262203374970	93.9899499170974
173.258477714555	174.204165099773	94.3958226825098
174.304815049000	175.149985697786	94.7614561977857
175.358181344301	176.099254972700	95.0853144043776
176.417782710734	177.051548112859	95.3660107064429
177.482598558470	178.006427339641	95.6023528521991
178.551506196510	178.963444204037	95.7934052382248
179.623347842198	179.922142296044	95.9385131157551
180.696967056309	180.882060085742	96.0373068102580
181.771228904133	181.842733749043	96.0896955429365
182.845031413896	182.803699902121	96.0958559317850
183.917312342557	183.764498206150	96.0562178619477
184.987053374184	184.724673823890	95.9714491509127
186.053282878599	185.683779720250	95.8424397645647
187.115077829978	186.641378804538	95.6702859853745
188.171565205671	187.597045915090	95.4562747458535
189.221923037518	188.550369648569	95.2018682404495
190.265381209658	189.500954037035	94.9086888757953
191.301222055267	190.448420076350	94.5785045906893
192.328780782664	191.392407109703	94.2132145617641
193.347445749528	192.332574070150	93.8148353023281
194.356658597681	193.268600586130	93.3854871570968
195.355914257561	194.200187953895	92.9273811927399
196.344760829646	195.127059980832	92.4428064824418
197.322799349036	196.048963703575	91.9341177815273
198.290002131056	196.965669767793	91.4036584797462
199.246454305837	197.876971780155	90.8536712732532
200.192232233222	198.782685199941	90.2862860716313
201.127352957229	199.682646307392	89.7035426113277
202.051759943300	200.576711474802	89.1074259413341
202.965535407108	201.464756666045	88.4998612193821
203.868790379537	202.346676668677	87.8826873437812
204.761615672722	203.222384243730	87.2576627110614
205.644064149121	204.091809410254	86.6264842851236
206.516148693256	204.954898944743	85.9908104522836
207.377847690532	205.811616107281	85.3522830137152
208.229113733146	206.661940573807	84.7125462121030
209.069883342257	207.505868540166	84.0732620033109
209.900086587690	208.343412959388	83.4361214487722
210.719656061542	209.174603874254	82.8028524280890
211.528534963661	209.999488809981	82.1752240168079
212.326684214013	210.818133195663	81.5550479275184
213.114088587505	211.630620787133	80.9441774186959
213.890761907128	212.437054067868	80.3445040589376
214.656751350284	213.237554608337	79.7579527069411
215.412140931105	214.032263367611	79.1864750362469
216.157054223632	214.821340924183	78.6320419017292
216.891656389932	215.604967625800	78.0966348137480
217.616155574868	216.383343650560	77.5822367565248
218.330803726252	217.156688973800	77.0908225600196
219.035578203601	217.925243454283	76.6244141200749
219.730439624825	218.689267731203	76.1851481804746
220.415452313302	219.449044368078	75.7752672967101
221.090833236425	220.204878711179	75.3970766256558
221.756964239567	220.957099242320	75.0528884731468
222.414385929817	221.706057364976	74.7449656208872
223.063782861032	222.452126641267	74.4754687273635
223.705965068662	223.195701533780	74.2464101107898
224.341848569489	223.937195720777	74.0596146824727
224.972436156210	224.677040056656	73.9166880222018
225.598799139218	225.415680247386	73.8189912114606
226.222060331785	226.153574305797	73.7676218740722
226.843378388770	226.891189845799	73.7634008162429
227.463933512756	227.629001268445	73.8068636555063
228.084914492844	228.367486886769	73.8982568527193
228.707507017667	229.107126030661	74.0375375982988
229.332883193708	229.848396167741	74.2243770456502
229.962192196431	230.591770071355	74.4581664273123
230.596551981714	231.337713062360	74.7380256307412
231.237041986864	232.086680347356	75.0628138499735
231.884696753186	232.839114472349	75.4311419662365
232.540500405144	233.595442907555	75.8413863448080
233.205381924376	234.356075776058	76.2917037671019
233.880211160034	235.121403736419	76.7800472461657
234.565795520102	235.891796026899	77.3041825006490
235.262877291376	236.667598676872	77.8617048869922
235.972131538764	237.449132889102	78.4500566122250
236.694164537367	238.236693594893	79.0665440704974
237.429512693539	239.030548182634	79.7083551654326
238.178641913670	239.830935398993	80.3725764977097
238.941947381940	240.638064420865	81.0562103130772
239.719753710621	241.452114095228	81.7561911203817
240.512315428765	242.273232343188	82.4694019022671
241.319817777222	243.101535723836	83.1926898530622
242.142377780008	243.937109152867	83.9228815891213
242.980045563920	244.780005770490	84.6567977865881
243.832805900191	245.630246952686	85.3912672103139
244.700579943653	246.487822459601	86.1231401055378
245.583227146606	247.352690714565	86.8493009310021
246.480547326082	248.224779207095	87.5666804185003
247.392282864752	249.103985013080	88.2722669494904
248.318121027070	249.990175425297	88.9631172444120
249.257696373626	250.883188687386	89.6363663647760
250.210593257922	251.782834824416	90.2892370319946
251.176348390957	252.688896563263	90.9190482703330
252.154453460183	253.601130336075	91.5232233843401
253.144357790387	254.519267360234	92.0992972836784
254.145471035118	255.443014788373	92.6449231704783
255.157165888171	256.372056922140	93.1578786062032
256.178780805558	257.306056483613	93.6360709765748
257.209622729216	258.244655938430	94.0775423743922
258.248969804488	259.187478864930	94.4804739211136
259.296074084139	260.134131363789	94.8431895488825
260.350164212383	261.084203502870	95.1641592652855
261.410448083012	262.037270792234	95.4420019235594
262.475906847248	262.992895826546	95.6755301432989
263.545419511604	263.950630576064	95.8638126522327
264.617829946545	264.910019090814	96.0061985281815
265.691983320913	265.870600336789	96.1023214525446
266.766746262537	266.831911017155	96.1520935640206
267.841018316340	267.793488302452	96.1556939902529
268.913738709976	268.754872431396	96.1135547472073
269.983890552193	269.715609163822	96.0263454318715
271.050503591585	270.675252077860	95.8949574643602
272.112656135421	271.633364709055	95.7204882807582
273.169476448795	272.589522532117	95.5042256898867
274.220143806373	273.543314787547	95.2476325072214
275.263889290712	274.494346156266	94.9523315259284
276.299996389594	275.442238285772	94.6200908564488
277.327801422788	276.386631171607	94.2528096506359
278.346693816989	277.327184398028	93.8525042179821
279.356116241377	278.263578241805	93.4212945366985
280.355564612909	279.195514643110	92.9613911596185
281.344587978605	280.122718047433	92.4750825131700
282.322788281028	281.044936122439	91.9647225865105
283.290138704806	281.961940136618	91.4326538964604
284.246725212172	282.873524310251	90.8811181713135
285.192624958828	283.779504706121	90.3122442689104
286.127855749398	284.679718197076	89.7280708003836
287.052361775670	285.574021736440	89.1305816254417
287.966225946402	286.462291856942	88.5217006575009
288.869559953307	287.344423902305	87.9032655038231
289.762455238104	288.220331176620	87.2770332308572
290.644965262585	289.089944228530	86.6446994405182
291.517103481365	289.953210350370	86.0079211318205
292.378848821686	290.810093304088	85.3683386993994
293.230154390310	291.660573253353	84.7275949657613
294.070957196662	292.504646867490	84.0873504580934
294.901187773497	293.342327558698	83.4492948053661
295.720779151441	294.173645814606	82.8151544552408
296.529674945412	294.998649590972	82.1866970557720
297.327836467886	295.817404733200	81.5657329000756
298.115248864628	296.629995399287	80.9541138384035
298.891926308697	297.436524460864	80.3537300452971
299.657916307646	298.237113862693	79.7665050021864
300.413303186661	299.031904924459	79.1943890244755
301.158210812564	299.821058571794	78.6393516301186
301.892804622725	300.604755486327	78.1033730156135
302.617293020601	301.383196167022	77.5884348759934
303.331928196643	302.156600897319	77.0965107781092
304.036687737781	302.925209831590	76.6296213819834
304.731532474820	303.689283892419	76.1899022238958
305.416526930198	304.449105914785	75.7795946810088
306.091888257199	305.204981504785	75.4010027617441
306.757998474557	305.957239392725	75.0564376539189
307.415398350816	306.706231219550	74.7481610520780
308.064772589977	307.452330774128	74.4783325587087
308.706931366901	308.195932735397	74.2489634673743
309.342790827605	308.937450987876	74.0618776961643
309.973353884380	309.677316582448	73.9186798630751
310.599691958086	310.415975412102	73.8207301191255
311.222927963831	311.153885667542	73.7691251888282
311.844220650155	311.891515131716	73.7646850099881
312.464750305623	312.629338366180	73.8079443623371
313.085705798058	313.367833836245	73.8991488991636
313.708272887971	314.107481016153	74.0382550331305
314.333623747281	314.848757510248	74.2249331692400
314.962907610834	315.592136221255	74.4585738204733
315.597242488196	316.338082592361	74.7382961830347
316.237707865027	317.087051945722	75.0629587874436
316.885338325976	317.839486936399	75.4311718785468
317.541118034169	318.595815137433	75.8413112117580
318.205976005519	319.356446768766	76.2915329845043
318.880782119364	320.121772580103	76.7797896510681
319.566343810057	320.892161895382	77.3038463958894
320.263403387205	321.667960824435	77.8612980650776
320.972635935222	322.449490645498	78.4495863785267
321.694647745642	323.237046360585	79.0660172657587
322.429975238408	324.030895424261	79.7077781875878
323.179084330860	324.831276645048	80.3719553230131
323.942370215694	325.638399257582	81.0555505165454
324.720157511457	326.452442162664	81.7554978955524
325.512700751404	327.273553331512	82.4686800802795
326.320185178697	328.101849369790	83.1919439210665
327.142727817924	328.937415236421	83.9221157080243
327.980378794873	329.780304111661	84.6560158081449
328.833122878315	330.630537408535	85.3904726935756
329.700881219320	331.488104921378	86.1223363326656
330.583513265230	332.352965105024	86.8484909224604
331.480818827057	333.225045477945	87.5658669476414
332.392540280491	334.104243142589	88.2714525565426
333.318364882151	334.990425416024	88.9623042498865
334.257927184035	335.883430564050	89.6355568823054
335.210811530379	336.783068631890	90.2884329806169
336.176554622340	337.689122364687	90.9182513862377
337.154648137015	338.601348211082	91.5224352320889
338.144541388405	339.519477403292	92.0985192669170
339.145644018907	340.443217107222	92.6441565421539
340.157328710862	341.372251636338	93.1571244783028
341.178933908583	342.306243723171	93.6353303293991
342.209766542117	343.244835842542	94.0768160653810
343.249104744774	344.187651580785	94.4797626932366
344.296200557191	345.134297045465	94.8424940386115
345.350282611400	346.084362310311	95.1634800101617
346.410558788995	347.037422890294	95.4413393693713
347.476010229017	347.993041384106	95.6748846508840
348.545515925851	348.950769765217	95.8631845039186
349.617919737913	349.910152086108	96.0055879338788
350.692066822104	350.870727314533	96.1017285555061
351.766823794439	351.832032154782	96.1515184462803
352.841090188178	352.793603777928	96.1551366777575
353.913805219483	353.754982422688	96.1130152146524
354.983951985796	354.715713848407	96.0258236072563
356.050560224606	355.675351632278	95.8944532332722
357.112708232294	356.633459308509	95.7200014903990
358.169524263285	357.589612350104	95.5037561528518
359.220187581817	358.543399995532	95.2471800050441
360.263929260261	359.494426923388	94.9518958123994
361.300032776462	360.442314778583	94.6196716607210
362.327834440508	361.386703553840	94.2524066801260
363.346723669673	362.327252830391	93.8521171610779
364.356143123977	363.263642881805	93.4209230652812
365.355588711486	364.195575644903	92.9610349314104
366.344609470592	365.122775561688	92.4747411739151
367.322807335497	366.044990296233	91.9643957719976
368.290155482737	366.961991113343	91.4323412343965
369.246739866717	367.873572229542	90.8808192830551
370.192637635575	368.779549703802	90.3119587710613
371.127866586632	369.679760405120	89.7277983062656
372.052370904630	370.574061282943	89.1303217464459
372.966233491541	371.462328866108	88.5214530043257
373.869566032540	372.344458494448	87.9030296876060
374.762459963057	373.220363468171	87.2768088642063
375.644968738839	374.089974332057	86.6444861384494
376.517105808692	374.953238374607	86.0077185126058
377.378850094286	375.810119353971	85.3681463853324
378.230154697039	376.660597430066	84.7274125838445
379.070956621254	377.504669268509	84.0871776406521
379.901186394783	378.342348277856	83.4491311905942
380.720777043560	379.173664942145	82.8149996876828
381.529672178019	379.998667213616	82.1865507867450
382.327833106354	380.817420934221	81.5655947880356
383.115244970238	381.630010258577	80.9539835492610
383.891921938835	382.436538055013	80.3536072526832
384.657911515979	383.237126265069	79.7663893876754
385.413298023319	384.031916205284	79.1942802777658
386.158205324312	384.821068798229	78.6392494491751
386.892798853125	385.604764722555	78.1032771067752
387.617287010177	386.383204474330	77.5883449540485
388.331921983032	387.156608334186	77.0964265663403
389.036681355886	387.925216453769	76.6295426121853
389.731525956949	388.689289753024	76.1898286363684
390.416520306205	389.449111064376	75.7795260245270
391.091881554615	390.204985991451	75.4009387935076
391.757991718719	390.957243262169	75.0563781394826
392.415391564991	391.706234515173	74.7481057652659
393.064765795475	392.452333537110	74.4782812815118
393.706924583190	393.195935004777	74.2489159898363
394.342784072419	393.937452800633	74.0618338162541
394.973347173821	394.677317973581	73.9186393865490
395.599685306723	395.415976414706	73.8206928593800
396.222921384796	396.153886312884	73.7690909667445
396.844214155229	396.891515449307	73.7646536537700
397.464743905325	397.629338383848	73.8079157073425
398.085699501724	398.367833580210	73.8991227877317
398.708266703834	399.107480511090	74.0382313144040
399.333617682544	399.848756779357	74.2249116989848
399.962901671740	400.592135286328	74.4585544608958
400.597236680097	401.338081473841	74.7382788025968
401.237702192443	402.087050662768	75.0629432606775
401.885332792661	402.839485506945	75.4311580858685
402.541112643162	403.595813578246	75.8412990392812
403.205970759203	404.356445095501	76.2915223238552
403.880777019515	405.121770807359	76.7797803992010
404.566338857890	405.892160036753	77.3038384549037
405.263398583425	406.667958892562	77.8612913420371
405.972631280061	407.449488652114	78.4495807852801
406.694643238905	408.237044316568	79.0660127187639
407.429970879505	409.030893339674	79.7077746077380
408.179080118849	409.831274529185	80.3719526354663
408.942366149309	410.638397119008	81.0555486505568
409.720153589143	411.452440009259	81.7554967843107
410.512696971345	412.273551170503	82.4686796607459
411.320181538844	413.101847207796	83.1919441338183
412.142724316022	413.937413079480	83.9221164971019
412.980375428484	414.780301965273	84.6560171209024
413.833119644842	415.630535277685	85.3904744805355
414.700878116026	416.488102810574	86.1223385473778
415.583510289261	417.352963018323	86.8484935213647
416.480815975458	418.225043418983	87.5658698899345
417.392537550223	419.104241114606	88.2714558040491
418.318362270107	419.990423421893	88.9623077669338
419.257924687054	420.883428606298	89.6355606356026
420.210809145261	421.783066712722	90.2884369391381
421.176552345857	422.689120486009	90.9182555211090
422.154645965921	423.601346374522	91.5224395164795
423.144539319450	424.519475610219	92.0985236759340
424.145642048844	425.443215358765	92.6441610527413
425.157326836456	426.372249933405	93.1571290691440
426.178932126618	427.306242066466	93.6353349808235
427.209764849405	428.244834232578	94.0768207592737
428.249103138159	429.187650017902	94.4797674129524
429.296199033559	430.134295529844	94.8424987688915
430.350281167679	431.084360841987	95.1634847370545
431.410557422162	432.037421469169	95.4413440801564
432.476008936103	432.993040009959	95.6748893339993
433.545514703944	433.950768437719	95.8631891488907
434.617918584158	434.910150804829	96.0055925312566
435.692065733711	435.870726078954	96.1017330967973
436.766822768681	436.832030964303	96.1515229238907
437.841089222394	437.793602631879	96.1551410849334
438.913804311081	438.754981320333	96.1130195454255
439.983951132252	439.715712788956	96.0258278563914
441.050559423467	440.675350614891	95.8944573962172
442.112707481176	441.633458332304	95.7200055632381
443.169523559877	442.589611414162	95.5037601322599
444.220186923877	443.543399098906	95.2471838882449
445.263928645619	444.494426065103	94.9518995971246
446.300032203019	445.442313957645	94.6196753451722
447.327833906235	446.386702769239	94.2524102629384
448.346723172611	447.327252081106	93.8521206412860
449.356142662237	448.263642166807	93.4209264422867
450.355588283246	449.195574963157	92.9610382049515
451.344609074097	450.122774912161	92.4747443440380
452.322806969060	451.044989677891	91.9643988390291
453.290155144734	451.961990525158	91.4323441989187
454.246739555589	452.873571670493	90.8808221458814
455.192637349825	453.779549172877	90.3119615332141
456.127866324825	454.679759901319	89.7278009689547
457.052370665390	455.574060805277	89.1303243110492
457.966233273550	456.462328413604	88.5214554723706
458.869565834538	457.344458066148	87.9030320607521
459.762459783838	458.220363063136	87.2768111442291
460.644968577252	459.089973949364	86.6444883272253
461.517105663639	459.953238013353	86.0077206120982
462.378849964718	460.810119013275	85.3681483975787
463.230154581956	461.660597109064	84.7274145109439
464.070956519705	462.504668966362	84.0871794847544
464.901186305862	463.342347993744	83.4491329538894
465.720776966407	464.173664675271	82.8150013723916
466.529672111816	464.998666963206	82.1865523951101
467.327833050323	465.817420699521	81.5655963223136
468.115244923644	466.630010038859	80.9539850117148
468.891921900979	467.436537849571	80.3536086455754
469.657911486201	468.237126073217	79.7663907132620
470.413298000993	469.031916026360	79.1942815382904
471.158205308846	469.821068631595	78.6392506468642
471.892798843962	470.604764567592	78.1032782438333
472.617287006790	471.383204330444	77.5883460326540
473.331921984925	472.156608200803	77.0964275886418
474.036681362590	472.925216330336	76.6295435802982
474.731525968026	473.689289639010	76.1898295523723
475.416520321240	474.449110959270	75.7795268904627
476.091881573221	475.204985894762	75.4009396113751
476.757991740532	475.957243173427	75.0563789112391
477.415391589670	476.706234433926	74.7481064928241
478.064765822701	477.452333462925	74.4782819667388
478.706924612665	478.195934937240	74.2489166345522
479.342784103864	478.937452739349	74.0618344222312
479.973347206978	479.677317918170	73.9186399555110
480.599685341351	480.415976364807	73.8206933930017
481.222921420670	481.153886268151	73.7690914666514
481.844214192141	481.891515409410	73.7646541215378
482.464743943083	482.629338348475	73.8079161444978
483.085699540150	483.367833549061	73.8991231957514
483.708266742763	484.107480483883	74.0382316947160
484.333617721826	484.848756755820	74.2249120529682
484.962901711236	485.592135266204	74.4585547898814
485.597236719678	486.338081456888	74.7382791078678
486.237702231994	487.087050648754	75.0629435434699
486.885332832075	487.839485495652	75.4311583473719
487.541112682342	488.595813569466	75.8412992806399
488.205970798063	489.356445089039	76.2915225461684
488.880777057975	490.121770803028	76.7797806035243
489.566338895880	490.892160034380	77.3038386422499
490.263398620881	491.667958891981	77.8612915133768
490.972631316926	492.449488653171	78.4495809415433
491.694643275130	493.237044319116	79.0660128608405
492.429970915046	494.030893343576	79.7077747364792
493.179080153668	494.831274534311	80.3719527516851
493.942366183374	495.638397125237	81.0555487550300
494.720153622425	496.452440016476	81.7554968777790
495.512697003822	497.273551178603	82.4686797439156
496.320181570497	498.101847216679	83.1919442073625
497.142724346835	498.937413089054	83.9221165616608
497.980375458446	499.780301975449	84.6560171770852
498.833119673946	500.630535288383	85.3904745289208
499.700878144267	501.488102821720	86.1223385885152
500.583510316636	502.352963029846	86.8484935557757
501.480816001967	503.225043430819	87.5658699181133
502.392537575870	504.104241126695	88.2714558264638
503.318362294896	504.990423434179	88.9623077840274
504.257924710993	505.883428618729	89.6355606477939
505.210809168358	506.783066725252	90.2884369468228
506.176552368121	507.689120498595	90.9182555246606
507.154645987365	508.601346387125	91.5224395162501
508.144539340086	509.519475622802	92.0985236722554
509.145642068687	510.443215371295	92.6441610459257
510.157326855519	511.372249945853	93.1571290594848
511.178932144918	512.306242078804	93.6353349685963
512.209764866958	513.244834244782	94.0768207447370
513.249103154983	514.187650029950	94.4797673963485
514.296199049670	515.134295541717	94.8424987504471
515.350281183096	516.084360853667	95.1634847169816
516.410557436903	517.037421480641	95.4413440586529
517.476008950188	517.993040021210	95.6748893112497
518.545514717389	518.950768448736	95.8631891250668
519.617918596985	519.910150815604	96.0055925065182
520.692065745937	520.870726089478	96.1017330712926
521.766822780324	521.832030974568	96.1515228977571
522.841089233475	522.793602641880	96.1551410582979
523.913804321618	523.754981330066	96.1130195184055
524.983951142264	524.715712798417	96.0258278290949
526.050559432971	525.675350624078	95.8944573687437
527.112707490191	526.633458341216	95.7200055356788
528.169523568421	527.589611422798	95.5037601046983
529.220186931968	528.543399107267	95.2471838607570
530.263928653276	529.494426073190	94.9518995697796
531.300032210256	530.442313965459	94.6196753180328
532.327833913071	531.386702776783	94.2524102360613
533.346723179062	532.327252088383	93.8521206147222
534.356142668318	533.263642173820	93.4209264160818
535.355588288973	534.195574969910	92.9610381791464
536.344609079485	535.122774918658	92.4747443186687
537.322806974124	536.044989684137	91.9643988141273
538.290155149489	536.961990531157	91.4323441745121
539.246739560048	537.873571676250	90.8808221219938
540.192637354002	538.779549178398	90.3119615098658
541.127866328733	539.679759906609	89.7278009461628
542.052370669043	540.574060810342	89.1303242888278
542.966233276959	541.462328418450	88.5214554507308
543.869565837716	542.344458070780	87.9030320397025
544.762459786796	543.220363067561	87.2768111237760
545.644968580001	544.089973953588	86.6444883073726
546.517105666190	544.953238017381	86.0077205928480
547.378849967081	545.810119017113	85.3681483789312
548.230154584141	546.660597112719	84.7274144928975
549.070956521722	547.504668969839	84.0871794673061
549.901186307720	548.342347997050	83.4491329370349
550.720776968115	549.173664678411	82.8150013561254
551.529672113381	549.998666966186	82.1865523794254
552.327833051754	550.817420702348	81.5655963072028
553.115244924949	551.630010041538	80.9539849971692
553.891921902165	552.436537852106	80.3536086315857
554.657911487275	553.237126075615	79.7663906998180
555.413298001962	554.031916028627	79.1942815253815
556.158205309717	554.821068633735	78.6392506344792
556.892798844741	555.604764569611	78.1032782319604
557.617287007483	556.383204332347	77.5883460212811
558.331921985538	557.156608202594	77.0964275777564
559.036681363128	557.925216332021	76.6295435698877
559.731525968493	558.689289640593	76.1898295424237
560.416520321643	559.449110960756	75.7795268809630
561.091881573564	560.204985896155	75.4009396023111
561.757991740819	560.957243174732	75.0563789025976
562.415391589904	561.706234435146	74.7481064845919
563.064765822887	562.452333464065	74.4782819589028
563.706924612806	563.195934938304	74.2489166270992
564.342784103965	563.937452740340	74.0618344151482
564.973347207041	564.677317919092	73.9186399487851
565.599685341379	565.415976365663	73.8206933866201
566.222921420667	566.153886268945	73.7690914606015
566.844214192110	566.891515410146	73.7646541158073
567.464743943025	567.629338349155	73.8079161390745
568.085699540068	568.367833549688	73.8991231906234
568.708266742660	569.107480484459	74.0382316898714
569.333617721704	569.848756756350	74.2249120483957
569.962901711096	570.592135266690	74.4585547855697
570.597236719523	571.338081457331	74.7382791038059
571.237702231825	572.087050649158	75.0629435396470
571.885332831894	572.839485496018	75.4311583437778
572.541112682151	573.595813569798	75.8412992772643
573.205970797862	574.356445089338	76.2915225430016
573.880777057767	575.121770803297	76.7797806005569
574.566338895665	575.892160034620	77.3038386394726
575.263398620661	576.667958892194	77.8612915107806
575.972631316703	577.449488653359	78.4495809391194
576.694643274903	578.237044319281	79.0660128585805
577.429970914818	579.030893343719	79.7077747343747
578.179080153438	579.831274534433	80.3719527497285
578.942366183144	580.638397125340	81.0555487532135
579.720153622195	581.452440016562	81.7554968760953
580.512697003592	582.273551178674	82.4686797423579
581.320181570268	583.101847216734	83.1919442059239
582.142724346609	583.937413089095	83.9221165603350
582.980375458221	584.780301975478	84.6560171758658
583.833119673724	585.630535288400	85.3904745278020
584.700878144048	586.488102821726	86.1223385874911
585.583510316420	587.352963029842	86.8484935548408
586.480816001755	588.225043430807	87.5658699172625
587.392537575662	589.104241126674	88.2714558256921
588.318362294692	589.990423434151	88.9623077833300
589.257924710793	590.883428618695	89.6355606471663
590.210809168162	591.783066725212	90.2884369462606
591.176552367930	592.689120498549	90.9182555241596
592.154645987179	593.601346387074	91.5224395158063
593.144539339905	594.519475622747	92.0985236718650
594.145642068511	595.443215371237	92.6441610455850
595.157326855348	596.372249945792	93.1571290591904
596.178932144752	597.306242078739	93.6353349683450
597.209764866797	598.244834244715	94.0768207445256
598.249103154827	599.187650029881	94.4797673961741
599.296199049520	600.134295541647	94.8424987503071
600.350281182950	601.084360853596	95.1634847168732
601.410557436762	602.037421480568	95.4413440585738
602.476008950051	602.993040021137	95.6748893111975
603.545514717258	603.950768448663	95.8631891250394
604.617918596858	604.910150815530	96.0055925065134
605.692065745815	605.870726089404	96.1017330713085
606.766822780207	606.832030974495	96.1515228977917
607.841089233362	607.793602641807	96.1551410583496
608.913804321510	608.754981329994	96.1130195184725
609.983951142160	609.715712798345	96.0258278291759
611.050559432872	610.675350624007	95.8944573688371
612.112707490096	611.633458341146	95.7200055357833
613.169523568330	612.589611422730	95.5037601048127
614.220186931881	613.543399107199	95.2471838608802
615.263928653192	614.494426073124	94.9518995699105
616.300032210177	615.442313965395	94.6196753181703
617.327833912995	616.386702776720	94.2524102362046
618.346723178989	617.327252088321	93.8521206148703
619.356142668249	618.263642173760	93.4209264162340
620.355588288908	619.195574969852	92.9610381793018
621.344609079423	620.122774918601	92.4747443188266
622.322806974065	621.044989684081	91.9643988142870
623.290155149433	621.961990531103	91.4323441746729
624.246739559996	622.873571676198	90.8808221221552
625.192637353953	623.779549178347	90.3119615100272
626.127866328686	624.679759906560	89.7278009463237
627.052370668998	625.574060810295	89.1303242889879
627.966233276917	626.462328418404	88.5214554508897
628.869565837676	627.344458070736	87.9030320398600
629.762459786758	628.220363067518	87.2768111239317
630.644968579965	629.089973953547	86.6444883075265
631.517105666156	629.953238017342	86.0077205929998
632.378849967049	630.810119017075	85.3681483790806
633.230154584111	631.660597112683	84.7274144930444
634.070956521694	632.504668969804	84.0871794674504
634.901186307693	633.342347997016	83.4491329371764
635.720776968090	634.173664678379	82.8150013562639
636.529672113357	634.998666966155	82.1865523795610
637.327833051732	635.817420702318	81.5655963073352
638.115244924929	636.630010041509	80.9539849972984
638.891921902147	637.436537852079	80.3536086317115
639.657911487258	638.237126075590	79.7663906999403
640.413298001946	639.031916028602	79.1942815255003
641.158205309703	639.821068633711	78.6392506345944
641.892798844728	640.604764569589	78.1032782320720
642.617287007470	641.383204332326	77.5883460213891
643.331921985526	642.156608202574	77.0964275778611
644.036681363117	642.925216332002	76.6295435699889
644.731525968484	643.689289640575	76.1898295425215
645.416520321634	644.449110960739	75.7795268810574
646.091881573555	645.204985896139	75.4009396024022
646.757991740811	645.957243174717	75.0563789026854
647.415391589898	646.706234435132	74.7481064846763
648.064765822881	647.452333464051	74.4782819589840
648.706924612801	648.195934938291	74.2489166271772
649.342784103961	648.937452740328	74.0618344152230
649.973347207038	649.677317919081	73.9186399488567
650.599685341377	650.415976365652	73.8206933866885
651.222921420664	651.153886268935	73.7690914606667
651.844214192108	651.891515410136	73.7646541158695
652.464743943023	652.629338349146	73.8079161391337
653.085699540067	653.367833549680	73.8991231906796
653.708266742659	654.107480484452	74.0382316899247
654.333617721703	654.848756756343	74.2249120484462
654.962901711096	655.592135266683	74.4585547856176
655.597236719523	656.338081457325	74.7382791038512
656.237702231825	657.087050649152	75.0629435396900
656.885332831894	657.839485496013	75.4311583438184
657.541112682152	658.595813569793	75.8412992773027
658.205970797863	659.356445089333	76.2915225430379
658.880777057768	660.121770803293	76.7797806005912
659.566338895666	660.892160034616	77.3038386395050
660.263398620662	661.667958892191	77.8612915108112
660.972631316703	662.449488653356	78.4495809391484
661.694643274904	663.237044319278	79.0660128586080
662.429970914819	664.030893343716	79.7077747344008
663.179080153439	664.831274534431	80.3719527497532
663.942366183145	665.638397125338	81.0555487532369
664.720153622196	666.452440016560	81.7554968761175
665.512697003593	667.273551178672	82.4686797423789
666.320181570269	668.101847216732	83.1919442059438
667.142724346610	668.937413089093	83.9221165603537
667.980375458223	669.780301975476	84.6560171758834
668.833119673726	670.630535288399	85.3904745278185
669.700878144049	671.488102821725	86.1223385875065
670.583510316422	672.352963029842	86.8484935548552
671.480816001757	673.225043430806	87.5658699172759
672.392537575663	674.104241126674	88.2714558257048
673.318362294693	674.990423434151	88.9623077833420
674.257924710794	675.883428618694	89.6355606471777
675.210809168164	676.783066725212	90.2884369462714
676.176552367932	677.689120498549	90.9182555241698
677.154645987181	678.601346387074	91.5224395158158
678.144539339907	679.519475622747	92.0985236718738
679.145642068513	680.443215371237	92.6441610455930
680.157326855350	681.372249945792	93.1571290591977
681.178932144754	682.306242078740	93.6353349683517
682.209764866799	683.244834244715	94.0768207445318
683.249103154829	684.187650029882	94.4797673961798
684.296199049521	685.134295541647	94.8424987503124
685.350281182951	686.084360853596	95.1634847168782
686.410557436763	687.037421480569	95.4413440585785
687.476008950052	687.993040021138	95.6748893112021
688.545514717259	688.950768448664	95.8631891250438
689.617918596859	689.910150815531	96.0055925065177
690.692065745816	690.870726089405	96.1017330713126
691.766822780208	691.832030974496	96.1515228977958
692.841089233364	692.793602641808	96.1551410583535
693.913804321511	693.754981329995	96.1130195184763
694.983951142161	694.715712798346	96.0258278291795
696.050559432873	695.675350624008	95.8944573688406
697.112707490098	696.633458341147	95.7200055357866
698.169523568331	697.589611422731	95.5037601048158
699.220186931882	698.543399107200	95.2471838608831
700.263928653193	699.494426073125	94.9518995699133
701.300032210178	700.442313965396	94.6196753181730
702.327833912996	701.386702776721	94.2524102362073
703.346723178991	702.327252088322	93.8521206148730
704.356142668250	703.263642173761	93.4209264162366
705.355588288909	704.195574969853	92.9610381793043
706.344609079425	705.122774918602	92.4747443188290
707.322806974066	706.044989684082	91.9643988142893
708.290155149434	706.961990531104	91.4323441746752
709.246739559997	707.873571676199	90.8808221221574
710.192637353954	708.779549178349	90.3119615100294
711.127866328687	709.679759906561	89.7278009463259
712.052370668999	710.574060810296	89.1303242889900
712.966233276918	711.462328418405	88.5214554508917
713.869565837677	712.344458070738	87.9030320398618
714.762459786760	713.220363067519	87.2768111239334
715.644968579967	714.089973953548	86.6444883075278
716.517105666157	714.953238017343	86.0077205930009
717.378849967051	715.810119017076	85.3681483790816
718.230154584113	716.660597112684	84.7274144930452
719.070956521696	717.504668969805	84.0871794674509
719.901186307695	718.342347997017	83.4491329371767
720.720776968092	719.173664678380	82.8150013562639
721.529672113359	719.998666966157	82.1865523795607
722.327833051734	720.817420702320	81.5655963073346
723.115244924930	721.630010041511	80.9539849972976
723.891921902148	722.436537852081	80.3536086317106
724.657911487260	723.237126075591	79.7663906999393
725.413298001948	724.031916028604	79.1942815254991
726.158205309704	724.821068633713	78.6392506345929
726.892798844730	725.604764569590	78.1032782320703
727.617287007472	726.383204332327	77.5883460213872
728.331921985528	727.156608202575	77.0964275778588
729.036681363119	727.925216332003	76.6295435699864
729.731525968486	728.689289640576	76.1898295425186
730.416520321636	729.449110960740	75.7795268810543
731.091881573557	730.204985896140	75.4009396023987
731.757991740813	730.957243174718	75.0563789026817
732.415391589899	731.706234435133	74.7481064846725
733.064765822882	732.452333464053	74.4782819589800
733.706924612802	733.195934938292	74.2489166271732
734.342784103962	733.937452740329	74.0618344152191
734.973347207038	734.677317919082	73.9186399488529
735.599685341377	735.415976365653	73.8206933866850
736.222921420665	736.153886268936	73.7690914606636
736.844214192109	736.891515410138	73.7646541158666
737.464743943025	737.629338349147	73.8079161391308
738.085699540068	738.367833549681	73.8991231906767
738.708266742661	739.107480484453	74.0382316899218
739.333617721704	739.848756756344	74.2249120484433
739.962901711096	740.592135266684	74.4585547856147
740.597236719524	741.338081457326	74.7382791038485
741.237702231826	742.087050649153	75.0629435396872
741.885332831895	742.839485496014	75.4311583438157
742.541112682152	743.595813569793	75.8412992773001
743.205970797864	744.356445089334	76.2915225430353
743.880777057768	745.121770803294	76.7797806005887
744.566338895667	745.892160034617	77.3038386395024
745.263398620663	746.667958892192	77.8612915108085
745.972631316704	747.449488653357	78.4495809391456
746.694643274905	748.237044319278	79.0660128586051
747.429970914820	749.030893343717	79.7077747343978
748.179080153440	749.831274534432	80.3719527497501
748.942366183145	750.638397125339	81.0555487532337
749.720153622196	751.452440016561	81.7554968761143
750.512697003593	752.273551178672	82.4686797423757
751.320181570269	753.101847216733	83.1919442059405
752.142724346610	753.937413089094	83.9221165603507
752.980375458223	754.780301975477	84.6560171758806
753.833119673725	755.630535288400	85.3904745278160
754.700878144049	756.488102821726	86.1223385875043
755.583510316421	757.352963029842	86.8484935548534
756.480816001757	758.225043430806	87.5658699172745
757.392537575663	759.104241126674	88.2714558257035
758.318362294694	759.990423434151	88.9623077833408
759.257924710794	760.883428618695	89.6355606471765
760.210809168164	761.783066725212	90.2884369462702
761.176552367932	762.689120498550	90.9182555241686
762.154645987181	763.601346387075	91.5224395158148
763.144539339907	764.519475622747	92.0985236718729
764.145642068512	765.443215371238	92.6441610455925
765.157326855350	766.372249945792	93.1571290591975
766.178932144753	767.306242078740	93.6353349683518
767.209764866798	768.244834244716	94.0768207445322
768.249103154829	769.187650029882	94.4797673961805
769.296199049521	770.134295541648	94.8424987503132
770.350281182952	771.084360853597	95.1634847168792
771.410557436764	772.037421480569	95.4413440585794
772.476008950053	772.993040021138	95.6748893112029
773.545514717260	773.950768448664	95.8631891250445
774.617918596859	774.910150815531	96.0055925065184
775.692065745816	775.870726089405	96.1017330713134
776.766822780209	776.832030974496	96.1515228977966
777.841089233363	777.793602641808	96.1551410583545
778.913804321511	778.754981329995	96.1130195184776
779.983951142161	779.715712798346	96.0258278291810
781.050559432873	780.675350624009	95.8944573688425
782.112707490097	781.633458341148	95.7200055357888
783.169523568331	782.589611422731	95.5037601048183
784.220186931882	783.543399107201	95.2471838608860
785.263928653193	784.494426073126	94.9518995699165
786.300032210178	785.442313965396	94.6196753181764
787.327833912997	786.386702776722	94.2524102362106
788.346723178991	787.327252088323	93.8521206148763
789.356142668251	788.263642173762	93.4209264162398
790.355588288910	789.195574969853	92.9610381793073
791.344609079426	790.122774918603	92.4747443188318
792.322806974068	791.044989684083	91.9643988142919
793.289546737010	791.961990945445	91.4324684768087
794.244190067731	792.873575900188	90.8815921101576
795.186205076871	793.779568969100	90.3145701789478
796.115210996822	794.679823221729	89.7343236361963
797.030989732825	795.574221324008	89.1438417486479
797.933689527817	796.462675811270	88.5460862313860
798.823690240848	797.345128216870	87.9438811843619
799.701522976540	798.221547335870	87.3398464111627
800.567819399389	799.091926961895	86.7363566785373
801.423277615346	799.956283303956	86.1355173006402
802.268637618525	800.814652216862	85.5391506092255
803.104662540597	801.667086336797	84.9487901147770
803.932123658091	802.513652188362	84.3656803814315
804.751788024826	803.354427313302	83.7907813110923
805.564408082174	804.189497460160	83.2247759138286
806.370712859465	805.018953866082	82.6680808673517
807.171400516835	805.842890655803	82.1208593095752
807.967132059310	806.661402377777	81.5830354029683
808.758526093816	807.474581693134	81.0543102778495
809.546154525669	808.282517229541	80.5341790147507
810.330539106418	809.085291608822	80.0219483693651
811.112148755077	809.882979654450	79.5167549805611
811.891397582028	810.675646782575	79.0175838342948
812.668643550627	811.463347578126	78.5232867850207
813.444187716275	812.246124555696	78.0326009620168
814.218273986907	813.024007103274	77.5441669113236
814.991089352678	813.797010605537	77.0565463450407
815.762764536081	814.565135742208	76.5682393887506
816.533375017060	815.328367955988	76.0777012350328
817.302942390738	816.086677083726	75.5833581265490
818.071436018302	816.840017143812	75.0836226061590
818.838774934330	817.588326272177	74.5769079840944
819.604829976462	818.331526798899	74.0616419834856
820.369426105758	819.069525457023	73.5362795356163
821.132344888426	819.802213715003	72.9993147052590
821.893327111790	820.529468223993	72.4492917344264
822.652075509445	821.251151371146	71.8848151999318
823.408257572505	821.967111930061	71.3045592863635
824.161508425696	822.677185799569	70.7072761815304
824.911433748769	823.381196822124	70.0918036061727
825.657612725371	824.078957673236	69.4570714938383
826.399601003017	824.770270813530	68.8021078403404
827.136933649281	825.454929495237	68.1260437452029
827.869128090669	826.132718815167	67.4281176700041
828.595687021894	826.803416806456	66.7076789406041
829.316101274503	827.466795561681	65.9641905219178
830.029852634873	828.122622380201	65.1972310952214
830.736416602688	828.770660932921	64.4064964689819
831.435265081941	829.410672437955	63.5918003549239
832.125868997437	830.042416841021	62.7530745415084
832.807700830610	830.665653994682	61.8903684972382
833.480237069267	831.280144830910	61.0038484362384
834.142960566591	831.885652521751	60.0937958784188
834.795362805417	832.481943623197	59.1606057362275
835.436946064429	833.068789197694	58.2047839595660
836.067225483521	833.645965911012	57.2269447698870
836.685731026058	834.213257099537	56.2278075138351
837.292009336333	834.770453804316	55.2081931660502
837.885625490915	835.317355768497	54.1690205099364
838.466164643031	835.853772395083	53.1113020243201
839.033233559514	836.379523662198	52.0361395029954
839.586462050166	836.894440993315	50.9447194331863
840.125504289746	837.398368080177	49.8383081579589
840.650040033048	837.891161656354	48.7182468465968
841.159775723822	838.372692219644	47.5859462959186
841.654445498510	838.842844701736	46.4428815844742
842.133812085989	839.301519083759	45.2905866005108
842.597667604708	839.748630956570	44.1306484635605
843.045834258767	840.184112024803	42.9647018584646
843.478164934633	840.607910553893	41.7944232996290
843.894543700341	841.019991759467	40.6215253422995
844.294886209103	841.420338138645	39.4477507566525
844.679140009399	841.808949742962	38.2748666795363
845.047284763649	842.185844392753	37.1046587577476
845.399332377693	842.551057832983	35.9389252958114
845.735327043316	842.904643830624	34.7794714203419
846.055345196129	843.246674213814	33.6281032721948
846.359495391150	843.577238853111	32.4866222367891
846.647918098446	843.896445585286	31.3568192221692