0
-1,661660635
-3,956945214
-6,360890067
-8,611258952
-10,58292988
-12,22223228
-13,51261116
-14,45666239
-15,06672481
-15,35994589
-15,35568731
-15,07415555
-14,5356748
-13,7602974
-12,76759269
-11,57653078
-10,20541756
-8,671857964
-6,992735427
-5,184201053
-3,261668989
-1,239816136
0,867414946
3,046810579
5,285878405
7,572838021
9,89723386
12,24956702
14,62109402
17,00371278
19,38989404
21,77250406
24,14498605
26,50141879
28,83651352
31,14558109
33,42448563
35,66959363
37,87772252
40,04609106
42,17227253
44,25415129
46,28988262
48,27785609
50,21666213
52,10506183
53,94195968
55,72637917
57,45744104
59,13434405
60,75634801
62,32275908
63,83291701
65,28618429
66,68193701
68,01955734
69,29856
70,51837382
71,67825392
72,77726019
73,81426863
74,78799808
75,69704321
76,53990929
77,31504625
78,02088088
78,65584679
79,21841169
79,70710211
80,12052561
80,45739049
80,71652315
80,89688329
80,99757695
81,01786762
80,95718551
80,81513511
80,5915011
80,28625284
79,89954741
79,43173145
78,88334176
78,25510488
77,5479356
76,76293468
75,90138567
74,96475103
73,95466757
72,87294131
71,72154182
70,50259606
69,21838187
67,87132106
66,46397221
64,99902326
63,47928385
61,9076775
60,28723366
58,62107969
56,91243275
55,16459171
53,38155276
51,56764547
49,72733694
47,8651243
45,98547369
44,09278386
42,19136311
40,28541341
38,37901872
36,47613579
34,5805865
32,69605143
30,82606426
28,97400692
27,1431054
25,33642611
23,55687286
21,80718429
20,0899318
18,40751796
16,76217536
15,15596586
13,59078022
12,06833813
10,59018858
9,157086785
7,76935104
6,427051818
5,130112873
3,8783662
2,671715246
1,509938915
0,392618058
-0,680876604
-1,71136689
-2,699836364
-3,647394824
-4,555242377
-5,424635218
-6,256854129
-7,053176084
-7,814849067
-8,543070058
-9,23896604
-9,903577865
-10,5378468
-11,14260357
-11,71855966
-12,2663008
-12,78628235
-13,27882647
-13,74412091
-14,18221927
-14,59304257
-14,97638198
-15,33203523
-15,6595976
-15,95838313
-16,22741181
-16,46542914
-16,67094071
-16,84225269
-16,97751368
-17,07475548
-17,13193172
-17,14695373
-17,11772355
-17,04216399
-16,91824582
-16,74401221
-16,5176005
-16,23726145
-15,90137618
-15,50847083
-15,05722911
-14,54650293
-13,97532117
-13,34289672
-12,64863194
-11,89212266
-11,07316078
-10,19173563
-9,248034159
-8,24244006
-7,175531923
-6,048080508
-4,861045213
-3,615569817
-2,312977581
-0,954765765
0,457400367
1,921693988
3,436133541
4,998589919
6,606793916
8,258343929
9,950713856
11,68126114
13,44723494
15,24578438
17,07334306
18,92599324
20,79966191
22,69022862
24,5935868
26,50568048
28,42252774
30,34023697
32,25501895
34,16319649
36,06121249
37,94563683
39,81317242
41,66066047
43,48508522
45,28357793
47,05342043
48,79204816
50,49705263
52,1661835
53,79735021
55,38862309
56,93823425
58,44457791
59,90621046
61,322474
62,6931398
64,01821964
65,29786509
66,53231289
67,72172213
68,86637055
69,96672843
71,02347096
72,03746096
73,00971842
73,94138522
74,83368956
75,68791192
76,50535388
77,28730996
78,03504262
78,74976055
79,43259982
80,08460798
80,7067308
81,29980147
81,86453212
82,40150744
82,9111802
83,39386862
83,84975523
84,27888734
84,68117865
85,05641215
85,40437664
85,72465776
86,01655936
86,27909075
86,51098633
86,71074027
86,87664705
87,00684338
87,09934905
87,15210557
87,1630121
87,12995857
87,0508557
86,92366225
86,74640953
86,51722315
86,23434233
85,89613685
85,50112174
85,04796985
84,53552248
83,96279818
83,32899978
82,63351989
81,87594491
81,05605758
80,17383842
79,22946586
78,2233154
77,15595775
76,02815612
74,84086266
73,59521423
72,29252746
70,9342933
69,522171
68,05798166
66,5437014
64,98145419
63,37350435
61,72224887
60,0302095
58,30002471
56,53444148
54,73630706
52,90918448
51,05698829
49,18378854
47,29370294
45,39083547
43,47923975
41,56289549
39,64569227
37,73141745
35,82374651
33,92623499
32,04231158
30,17527209
28,32827412
26,50433241
24,70631476
22,93693849
21,19876745
19,49420948
17,82551437
16,19477223
14,60391231
13,05470218
11,54874739
10,08749132
8,67159175
7,301277323
5,976536209
4,697216851
3,463082546
2,273974296
1,129614462
0,029532919
-1,026945352
-2,040682982
-3,01269973
-3,944137262
-4,8362235
-5,690238679
-6,507484098
-7,28925397
-8,036810482
-8,751361999
-9,434044287
-10,08590459
-10,70788835
-11,30082846
-11,86543672
-12,40229751
-12,91186328
-13,39445193
-13,85024571
-14,2792916
-14,68150301
-15,05666265
-15,40455901
-15,72477747
-16,01662159
-16,27910042
-16,51094811
-16,71065856
-16,87652601
-17,00668694
-17,09916091
-17,15188918
-17,16277075
-17,1296953
-17,05057337
-16,92336354
-16,74609692
-16,51689895
-16,23400869
-15,89579576
-15,50077504
-15,04761923
-14,53516949
-13,96244425
-13,32864621
-12,63316787
-11,87559551
-11,05571178
-10,17349708
-9,229129758
-8,222985229
-7,155634126
-6,027839575
-4,84055366
-3,594913165
-2,292234667
-0,934009054
0,47810448
1,942284878
3,456556064
5,018794124
6,626734768
8,27798104
9,970011218
11,70018688
13,46576105
15,26388652
17,09100027
18,94318777
20,81637899
22,70645625
24,60931555
26,5209033
28,43723982
30,3544355
32,268703
34,17636685
36,07387152
37,95778831
39,82482143
41,67181325
43,49574906
45,29376105
47,06313189
48,80129773
50,50585074
52,17454111
53,80527874
55,39613438
56,94534042
58,45129135
59,91254375
61,32843986
62,69875102
64,02348905
65,3028055
66,53693708
67,72604278
68,87040022
69,97047953
71,02695571
72,0406914
73,01270635
73,94414222
74,83622691
75,69024067
76,50748479
77,28925347
78,03680889
78,75135941
79,4340408
80,0859003
80,70788334
81,3008228
81,86543049
82,40229077
82,9118561
83,39444438
83,85023784
84,27928346
84,68149465
85,05665412
85,40455036
85,72476872
86,01661279
86,2790916
86,5109393
86,71064978
86,8765173
87,00667832
87,09915239
87,15188079
87,1627625
87,12968721
87,05056545
86,9233558
86,74608937
86,5168916
86,23400154
85,89578883
85,50076832
85,04761273
84,53516321
83,96243819
83,32864037
82,63316226
81,87559012
81,0557066
80,17349212
79,22912502
78,2229807
77,15562981
76,02783546
74,84054974
73,59490944
72,29223114
70,93400571
69,52189236
68,05771213
66,54344112
64,98120322
63,37326274
61,72201662
60,02998659
58,29981107
56,53423703
54,7361117
52,90899807
51,05681069
49,18361958
47,29354243
45,39068324
43,47909558
41,56275916
39,64556357
37,73129615
35,82363238
33,92612778
32,04221106
30,17517802
28,32818625
26,5042505
24,70623857
22,93686778
21,19870198
19,49414903
17,82545869
16,1947211
14,60386551
13,05465949
11,5487086
10,08745622
8,671560139
7,301249005
5,976510996
4,697194559
3,463062996
2,273957317
1,12959989
0,029520595
-1,026955581
-2,040691262
-3,012706202
-3,94414206
-4,836226752
-5,690240507
-6,507484618
-7,289253293
-8,036808713
-8,751359238
-9,434040629
-10,08590012
-10,70788316
-11,30082262
-11,86543032
-12,4022906
-12,91185593
-13,39444421
-13,85023768
-14,2792833
-14,6814945
-15,05665397
-15,40455021
-15,72476858
-16,01661265
-16,27909147
-16,51093917
-16,71064966
-16,87651718
-17,0066782
-17,09915228
-17,15188069
-17,1627624
-17,12968711
-17,05056536
-16,92335571
-16,74608929
-16,51689152
-16,23400147
-15,89578875
-15,50076825
-15,04761266
-14,53516315
-13,96243813
-13,32864032
-12,63316221
-11,87559007
-11,05570656
-10,17349208
-9,229124978
-8,222980664
-7,155629772
-6,027835428
-4,840549715
-3,594909418
-2,292231113
-0,934005688
0,478107664
1,942287885
3,4565589
5,018796794
6,626737278
8,277983395
9,970013425
11,70018894
13,46576298
15,26388831
17,09100194
18,94318932
20,81638042
22,70645757
24,60931677
26,52090442
28,43724084
30,35443643
32,26870385
34,17636762
36,07387222
37,95778894
39,82482198
41,67181375
43,4957495
45,29376143
47,06313222
48,80129801
50,50585097
52,1745413
53,80527889
55,39613449
56,9453405
58,4512914
59,91254378
61,32843986
62,69875099
64,023489
65,30280544
66,536937
67,72604268
68,87040011
69,9704794
71,02695558
72,04069126
73,0127062
73,94414206
74,83622675
75,6902405
76,50748461
77,28925329
78,03680871
78,75135924
79,43404063
80,08590012
80,70788316
81,30082262
81,86543031
82,4022906
82,91185593
83,39444421
83,85023767
84,2792833
84,6814945
85,05665397
85,40455021
85,72476858
86,01661265
86,27909147
86,51093917
86,71064966
86,87651718
87,0066782
87,09915228
87,15188069
87,1627624
87,12968711
87,05056536
86,92335571
86,74608929
86,51689152
86,23400147
85,89578875
85,50076825
85,04761266
84,53516315
83,96243813
83,32864032
82,63316221
81,87559007
81,05570656
80,17349208
79,22912498
78,22298066
77,15562977
76,02783543
74,84054972
73,59490942
72,29223111
70,93400569
69,52189234
68,05771212
66,5434411
64,98120321
63,37326272
61,72201661
60,02998658
58,29981106
56,53423702
54,73611169
52,90899806
51,05681068
49,18361958
47,29354243
45,39068323
43,47909558
41,56275916
39,64556357
37,73129615
35,82363238
33,92612778
32,04221106
30,17517802
28,32818625
26,5042505
24,70623857
22,93686778
21,19870199
19,49414903
17,8254587
16,19472111
14,60386551
13,0546595
11,5487086
10,08745622
8,671560143
7,301249009
5,976511
4,697194563
3,463063
2,273957321
1,129599894
0,029520598
-1,026955577
-2,040691259
-3,012706199
-3,944142056
-4,836226748
-5,690240504
-6,507484615
-7,28925329
-8,03680871
-8,751359235
-9,434040626
-10,08590012
-10,70788316
-11,30082262
-11,86543031
-12,4022906
-12,91185593
-13,39444421
-13,85023767
-14,2792833
-14,6814945
-15,05665397
-15,40455021
-15,72476858
-16,01661265
-16,27909147
-16,51093917
-16,71064966
-16,87651718
-17,0066782
-17,09915228
-17,15188069
-17,1627624
-17,12968711
-17,05056536
-16,92335571
-16,74608929
-16,51689152
-16,23400147
-15,89578875
-15,50076825
-15,04761266
-14,53516315
-13,96243813
-13,32864032
-12,63316221
-11,87559007
-11,05570656
-10,17349208
-9,229124978
-8,222980664
-7,155629772
-6,027835428
-4,840549715
-3,594909418
-2,292231113
-0,934005688
0,478107664
1,942287885
3,4565589
5,018796794
6,626737278
8,277983395
9,970013425
11,70018894
13,46576298
15,26388831
17,09100194
18,94318932
20,81638042
22,70645757
24,60931677
26,52090442
28,43724084
30,35443643
32,26870385
34,17636762
36,07387222
37,95778894
39,82482198
41,67181375
43,4957495
45,29376143
47,06313222
48,80129801
50,50585097
52,1745413
53,80527889
55,39613449
56,9453405
58,4512914
59,91254378
61,32843986
62,69875099
64,023489
65,30280544
66,536937
67,72604268
68,87040011
69,9704794
71,02695558
72,04069126
73,0127062
73,94414206
74,83622675
75,6902405
76,50748461
77,28925329
78,03680871
78,75135924
79,43404063
80,08590012
80,70788316
81,30082262
81,86543031
82,4022906
82,91185593
83,39444421
83,85023767
84,2792833
84,6814945
85,05665397
85,40455021
85,72476858
86,01661265
86,27909147
86,51093917
86,71064966
86,87651718
87,0066782
87,09915228
87,15188069
87,1627624
87,12968711
87,05056536
86,92335571
86,74608929
86,51689152
86,23400147
85,89578875
85,50076825
85,04761266
84,53516315
83,96243813
83,32864032
82,63316221
81,87559007
81,05570656
80,17349208
79,22912498
78,22298066
77,15562977
76,02783543
74,84054972
73,59490942
72,29223111
70,93400569
69,52189234
68,05771212
66,5434411
64,98120321
63,37326272
61,72201661
60,02998658
58,29981106
56,53423702
54,73611169
52,90899806
51,05681068
49,18361958
47,29354243
45,39068323
43,47909558
41,56275916
39,64556357
37,73129615
35,82363238
33,92612778
32,04221106
30,17517802
28,32818625
26,5042505
24,70623857
22,93686778
21,19870199
19,49414903
17,8254587
16,19472111
14,60386551
13,0546595
11,5487086
10,08745622
8,671560143
7,301249009
5,976511
4,697194563
3,463063
2,273786411
1,129020967
0,028443801
-1,028234865
-2,041271048
-3,01089189
-3,937303048
-4,820696972
-5,661261265
-6,459186712
-7,214674757
-7,927944342
-8,599238084
-9,228827758
-9,81701912
-10,36415608
-10,87062426
-11,33685392
-11,76332237
-12,15055579
-12,49913057
-12,80967414
-13,08286535
-13,31943445
-13,52016265
-13,68588127
-13,81747063
-13,91585854
-13,98201852
-14,01696781
-14,021765
-13,99750763
-13,94532938
-13,8663973
-13,76190869
-13,633088
-13,48118352
-13,30746404
-13,11321543
-12,89973709
-12,66833847
-12,42033551
-12,15704707
-11,8797914
-11,5898826
-11,28862715
-10,97732048
-10,65724355
-10,32965962
-9,995810994
-9,656915896
-9,314165472
-8,968720877
-8,621710489
-8,27422726
-7,927326188
-7,582021939
-7,239286612
-6,900047659
-6,565185951
-6,235534016
-5,911874434
-5,594938391
-5,285404416
-4,983897271
-4,690987027
-4,407188298
-4,132959659
-3,868703228
